1
1801
873
429
1291
641
487
1927
1957
1597
945
461
1753
1985
809
109
369
5
269
559
439
909
663
1201
1581
1049
521
1255
1925
1163
639
1121
55
43
1065
1013
1625
1571
645
1187
1663
1285
329
1397
841
1357
819
1609
333
769
1667
665
1837
1527
463
293
1315
679
693
495
967
1701
537
1213
1403
505
263
1567
885
1345
1797
1347
1125
2007
1815
1969
479
83
1295
839
1655
1081
1683
25
535
1117
201
169
825
2035
165
527
1303
295
1061
1083
63
1501
357
1859
17
929
1385
913
1379
1057
541
259
1247
1805
549
359
627
821
1825
599
793
653
991
1193
1429
1111
1617
741
889
1865
879
389
1455
1541
401
1833
249
591
1867
1589
1151
847
1905
1723
1023
339
449
113
1493
227
1483
1987
1123
501
1139
1947
1221
1245
765
1405
1687
813
343
51
1031
315
1307
1229
593
1737
1105
1937
75
1715
1085
1203
923
1585
971
1317
59
927
1109
789
1195
151
105
1465
181
859
1107
1267
65
1907
241
1601
565
669
1685
1147
957
1765
353
811
667
1135
331
1673
223
711
1619
1659
335
1055
1775
1973
279
225
383
147
1879
615
1401
1183
265
1769
237
1785
1719
729
1369
2015
1225
1777
1559
197
1069
2039
1143
465
1767
499
1995
283
1881
387
1773
1841
321
1671
649
239
1383
1763
85
1503
231
1697
1699
379
685
397
1761
2037
53
395
863
413
489
1871
1641
1643
2013
757
563
1411
139
153
677
1477
531
301
287
457
351
951
403
1953
1197
1863
569
1361
1799
1635
33
1485
723
691
221
1337
1413
877
1365
1381
1941
1821
1495
93
893
1249
581
1743
135
857
347
157
1289
1975
73
1633
107
1079
1053
1547
579
1305
1951
471
575
171
1339
995
425
195
137
1993
1409
327
1949
1515
323
423
611
345
1453
1489
325
1901
721
199
1891
1631
375
1327
1861
523
1461
743
849
1935
1883
215
177
87
1793
511
1073
1781
1137
1911
1469
1281
115
1851
209
451
381
1903
1239
1647
681
45
707
621
1387
761
183
517
1149
763
1523
1691
1961
1119
1185
651
999
1159
1419
337
1999
717
1389
1431
609
589
203
2025
959
477
2041
1819
431
1623
393
1735
515
1853
1543
1705
1355
1525
1421
1181
1721
1101
973
981
399
897
11
491
1341
771
607
751
1263
775
733
979
189
855
1131
1963
953
709
817
1393
81
731
271
539
365
807
595
1923
1243
161
1583
1095
1199
469
1669
341
1997
1491
421
791
435
1025
1537
1077
1725
795
727
1983
1979
407
1889
1259
255
19
1981
257
2033
519
715
745
1481
1363
529
1835
503
1353
1179
285
925
941
1207
1299
935
485
1321
1377
601
69
1579
1971
167
125
749
655
1757
377
233
895
1707
1675
1539
845
1497
1227
119
1241
419
1791
1191
577
1747
71
267
1813
1727
1375
907
2023
1215
1005
875
861
193
773
1565
525
899
319
1059
187
1003
1071
1423
963
1563
507
1007
853
905
1843
453
27
349
1177
1759
305
1713
881
37
975
1127
583
1091
1913
933
35
1847
1425
977
623
1845
1809
289
1335
1319
1639
1407
965
673
1251
1943
121
433
553
1915
191
1613
1269
361
77
1313
411
205
1029
1897
1373
1989
129
657
993
1015
1265
275
985
417
437
719
1009
409
1001
1165
247
1551
367
173
1783
13
1051
91
1529
689
1169
311
713
1099
219
1173
931
781
273
443
1457
1479
705
1157
133
2003
783
1471
661
1033
251
787
1097
1577
1231
1253
703
99
1115
391
2027
1517
185
1473
939
2011
131
891
1153
1399
911
1591
1145
785
969
303
1039
1141
801
697
1991
1093
1359
605
277
1933
31
467
1807
799
1751
647
735
1795
2029
1309
797
1849
297
179
1037
1553
917
1729
1895
211
1931
1189
2045
9
1779
143
1311
1531
291
1089
1877
49
1459
837
2009
989
1237
159
867
1487
245
671
313
1499
1223
1277
1827
47
1293
1533
1681
1463
1731
1521
1075
1887
1817
1545
117
441
405
543
1789
41
1435
1167
1171
603
1155
1447
1829
445
1929
1349
1733
1063
851
1391
1899
1417
1511
573
1693
613
871
213
585
1557
755
815
21
767
355
1161
243
747
777
831
163
261
1297
1235
415
2043
1233
865
1021
1959
1811
987
883
1475
1611
1599
61
385
1755
1745
67
513
1709
1645
235
725
915
2019
1595
1257
1333
1549
1593
805
1873
1717
1449
779
1371
887
1211
2031
1103
625
1175
483
1467
481
835
1629
1351
629
1367
1019
141
1605
1451
473
1217
39
89
1661
1869
997
371
1739
15
2001
101
217
229
1301
1665
739
1695
983
1395
829
2005
823
1415
557
643
1017
943
447
1507
1653
1087
103
1035
1711
533
1043
753
1011
1575
1441
597
695
299
759
1607
617
567
1939
1831
97
701
635
309
827
1771
1875
1955
803
111
1509
949
737
1433
1041
253
175
687
587
903
29
833
1275
1205
1027
1967
1535
509
1279
373
207
155
955
1329
123
683
937
1261
1627
1651
1505
149
1047
1561
79
1977
2047
1271
1323
1133
2017
1573
1823
555
1343
1621
1273
545
1893
3
1657
497
1513
631
1219
843
901
1885
2021
1519
1615
1209
699
919
1741
1443
427
1445
961
1603
1569
57
1965
1909
1917
1919
1283
1839
1679
1921
1427
1067
1649
1689
1437
363
307
455
127
1855
619
571
1331
1945
659
637
869
281
1587
145
947
493
1325
7
1787
547
95
561
921
1749
1677
1637
1113
1803
1045
317
633
1287
1129
1439
1555
1857
475
459
551
675
23
1703
